
434 
FEUS16 KWNO 250000
NBEUSA
PDSM   NBM V5.0 NBE GUIDANCE    9/25/2026  0000 UTC
SAT 26| SUN 27| MON 28| TUE 29| WED 30| THU 01| FRI 02| SAT CLIMO
UTC    00  12| 00  12| 00  12| 00  12| 00  12| 00  12| 00  12| 00
FHR    24  36| 48  60| 72  84| 96 108|120 132|144 156|168 180|192
TXN    66  54| 65  53| 64  55| 65  56| 66  56| 61  53| 61  51| 59  43 60
XND     2   2|  2   2|  2   2|  3   2|  4   4|  4   4|  4   4|  5
TMP    62  54| 62  53| 62  55| 63  57| 63  57| 59  54| 58  51| 57
TSD     1   2|  2   3|  1   2|  2   4|  3   5|  4   5|  4   4|  4
DPT    58  54| 56  49| 55  53| 56  52| 56  55| 53  50| 50  47| 49
DSD     2   2|  3   3|  3   4|  4   3|  3   5|  6   6|  6   6|  6
WBG    60  54| 59  51| 59  54| 59  55| 60  55| 56  52| 54  50| 53
SKY    23  47| 43  58| 67  58| 43  65| 85  71| 45  50| 64  62| 48
SSD    30  40| 27  27| 27  30| 32  17| 10  19| 28  34| 27  24| 35
WDR     6  15|  8  21|  6  21| 10  19| 18  25| 24  24| 27  31|  3
WSP     6   2|  7   4|  3   3|  7   6| 11  10|  7   8|  8   6|  8
WSD     1   1|  2   1|  1   1|  2   2|  4   4|  4   4|  4   3|  3
GST    12   4| 13   8|  6   5| 13  14| 23  24| 16  18| 18  15| 16
GSD     3   1|  4   3|  2   2|  4   6|  8   8|  8   8|  7   7|  5
P12     1   1|  1   2|  7   3|  0   3| 44  76| 45  25| 32  17| 14 -99-99
Q12     0   0|  0   0|  0   0|  0   0| 23  49|  7   2|  2   0|  0
Q24         0|      0|      0|      0|     72|      9|      2|     79
DUR     0   0|  0   0|  0   0|  0   0|  4   7|  3   0|  0   0|  0
T12     0   1|  0   1|  1   2|  2   7| 14  11|  2   3|  6   7|  5
PZR     0   0|  0   0|  0   0|  0   0|  0   0|  0   0|  0   0|  0
PSN     0   0|  0   0|  0   0|  0   0|  0   0|  0   0|  0   0|  0
PPL     0   0|  0   0|  0   0|  0   0|  0   0|  0   0|  0   0|  0
PRA     0  15|  0   2|  1   0|  0   9| 63  47| 29  23| 14  15| 12
S12     0   0|  0   0|  0   0|  0   0|  0   0|  0   0|  0   0|  0
S24         0|      0|      0|      0|      0|      0|      0|
SLV   106  94| 87  83|111  98|101 100|108  97| 88  83| 74  66| 69
I12     0   0|  0   0|  0   0|  0   0|  0   0|  0   0|  0   0|  0
SOL    37   0| 34   0| 28   0| 31   0|  6   0| 27   0|  3   0| 27
SWH     2   0|  2   0|  0   0|  2   0|  2   2|  2   1|  2   1|  2

123456   NBM V5.0 NBE GUIDANCE    9/25/2026  0000 UTC
SAT 26| SUN 27| MON 28| TUE 29| WED 30| THU 01| FRI 02| SAT CLIMO
UTC    00  12| 00  12| 00  12| 00  12| 00  12| 00  12| 00  12| 00
FHR    24  36| 48  60| 72  84| 96 108|120 132|144 156|168 180|192
TXN    62  51| 63  51| 63  52| 64  53| 66  59| 66  60| 66  58| 65  52 66
XND     2   3|  2   3|  2   3|  2   2|  2   3|  4   3|  5   4|  4
TMP    58  51| 59  51| 59  52| 59  53| 62  59| 63  60| 62  58| 61
TSD     2   2|  2   2|  1   2|  2   2|  3   5|  5   5|  5   5|  4
DPT    53  47| 54  48| 54  50| 55  50| 56  54| 60  57| 59  56| 58
DSD     3   3|  4   3|  3   2|  3   2|  3   4|  4   5|  5   6|  6
WBG    55  50| 57  50| 57  52| 57  51| 59  57| 61  59| 60  57| 59
SKY    50   1| 25  26| 26  17| 15  18| 79  80| 79  63| 58  51| 60
SSD    36   2| 28  26| 27  20| 10  18| 15  11| 17  31| 30  31| 30
WDR     2  10|  2   8| 36  10|  3  16| 16  18| 18  19| 15  16| 14
WSP     5   5|  5   3|  4   2|  2   6|  8  13|  8   8|  8   8|  7
WSD     2   1|  1   1|  1   1|  1   3|  4   4|  6   5|  6   5|  5
GST     8   7|  8   5|  7   4|  4   9| 13  18| 14  12| 13  12| 12
GSD     2   2|  2   2|  2   1|  2   4|  6   5|  8   6|  9   6|  6
P12     6   0|  0   0|  0   0|  0   0|  5  47| 55  52| 40  36| 34 -99-99
Q12     0   0|  0   0|  0   0|  0   0|  0   9| 29  38| 20  17| 10
Q24         0|      0|      0|      0|      9|     67|     37|     91
DUR     0   0|  0   0|  0   0|  0   0|  0   3|  4   6|  4   4|  3
T12     0   1|  0   1|  0   1|  1   2|  5  14| 14   5|  4   9| 14
PZR     0   0|  0   0|  0   0|  0   0|  0   0|  0   0|  0   0|  0
PSN     0   0|  0   0|  0   0|  0   0|  0   0|  0   0|  0   0|  0
PPL     0   0|  0   0|  0   0|  0   0|  0   0|  0   0|  0   0|  0
PRA     0   0|  0   0|  0   0|  0   0| 11  51| 39  38| 31  34| 25
S12     0   0|  0   0|  0   0|  0   0|  0   0|  0   0|  0   0|  0
S24         0|      0|      0|      0|      0|      0|      0|
SLV    64  60| 68  73| 81  84| 88  92|111 121|113 111|106  99|102
I12     0   0|  0   0|  0   0|  0   0|  0   0|  0   0|  0   0|  0
SOL    21   0| 44   0| 42   0| 43   0| 26   0|  2   0| 35   0|  7
SWH     0   0|  0   0|  0   0|  0   0|  0   2|  2   2|  2   2|  2


 

